19819
19849
19826
19826
19869
19859
19860
19844
1
19853
19856
19889
19849
19870
19845
19863
19860
1
19861
19887
19871
19839
1
19865
19854
19850
19869
1
19863
19844
19845
19881
19841
19843
3
19846
19868
19866
19821
19882
1
19854
19831
19879
19879
19871
19876
19836
1
19849
19864
19839
19858
19825
19872
1
19868
19834
19885
1
1
19860
19844
19841
19841
1
19803
19870
19825
19830
1
19880
19842
19850
19827
19838
19886
19879
19848
1
19873
19865
19885
19837
19860
19865
1
1
19835
19856
19822
19849
19857
19866
19847
19885
19876
19861
19846
1
