2.0
4771.0
4859.0
4700.0
4812.0
2.0
4713.0
4778.0
1.0
4818.0
4804.0
4905.0
4793.0
4785.0
1.0
4919.0
4889.0
4750.0
4824.0
4783.0
4937.0
4728.0
4.0
4792.0
2.0
4871.0
1.0
4846.0
4769.0
4760.0
4816.0
4815.0
4854.0
4787.0
4712.0
4762.0
4797.0
4775.0
4980.0
4789.0
2.0
4869.0
2.0
4881.0
4904.0
4701.0
4925.0
4884.0
4703.0
4889.0
4856.0
1.0
4759.0
4767.0
1.0
4940.0
4754.0
4677.0
4951.0
4849.0
4805.0
1.0
4848.0
4775.0
4856.0
4719.0
4856.0
4807.0
4747.0
4817.0
4815.0
4833.0
4896.0
4868.0
3.0
4824.0
4823.0
4763.0
4839.0
2.0
4829.0
4815.0
4847.0
4753.0
4719.0
4844.0
4863.0
4788.0
1.0
4833.0
4681.0
4809.0
4864.0
1.0
2.0
4772.0
4817.0
4827.0
1.0
4864.0
