0.23241
10.33032
10.01323
10.01094
10.02672
0.21416
10.29413
10.09215
0.02527
10.40667
10.54408
10.38838
11.37365
10.19497
0.09982
10.00554
10.06801
10.01551
10.01327
10.27288
10.03035
10.10955
0.74782
10.45832
0.58112
10.00592
0.04244
10.0538
10.00062
10.06883
10.07914
10.14415
10.02322
10.87842
10.04543
10.04736
10.17562
10.07441
10.90461
10.19263
0.59229
10.69903
0.98797
10.06262
11.08303
10.00164
10.25297
10.0924
10.16371
10.03931
10.16735
0.12854
10.12045
10.14432
0.22675
10.31222
10.23416
10.69952
10.03126
10.07677
10.34288
0.30444
10.35551
10.06761
10.09528
10.07709
10.0683
10.14734
10.79464
10.25936
10.33026
10.42365
10.30414
10.69901
0.3452
10.14262
10.08632
10.01022
10.08148
0.15056
10.32185
10.07875
10.07466
10.00835
10.00289
10.02098
10.29073
10.56238
0.0521
10.35796
10.06043
10.10855
10.13426
0.79003
0.20634
10.24588
10.12321
10.055
0.07027
10.01848
