2.81093
3.18481
3.45047
2.31506
2.4013
2.85028
2.72741
2.72261
0.0
2.69738
2.94289
2.87996
2.21035
2.60325
2.71197
2.60159
2.72328
0.0
2.92953
2.58006
2.92313
2.51971
0.0
2.72847
2.64655
2.32448
2.8027
0.0
2.53446
3.36278
3.61852
2.44669
3.36612
3.10297
0.26339
2.2254
2.68968
2.23114
3.06239
3.03414
0.0
3.0217
3.72193
3.21153
2.79568
2.7972
2.62587
2.89411
0.0
2.77463
2.488
2.66483
2.89572
2.6758
2.66709
0.0
2.66926
2.8686
2.56275
0.0
0.0
3.63871
2.77471
3.30916
2.7669
0.0
2.55606
2.84739
2.61007
2.86375
0.0
2.83382
2.57169
2.52488
2.79622
3.03617
2.35899
3.22778
3.42571
0.0
2.43041
2.64332
2.46312
2.97474
2.29901
2.87537
0.0
0.0
2.84237
3.11425
4.16164
2.90918
2.39692
3.09754
2.94382
2.56378
3.12128
3.07723
2.68671
0.0
